#1: 15,718,293,710
#2: 15,658,376,030
#3: 1,054,080,470
#4: 466,995,060
#5: 815,468,410
#6: 1,899,873,650
#7: 1,022,682,900
#8: 18,859,449,800
#9: 995,227,480
#10: 283,324,570
#11: 2,873,597,010
#12: 9,864,799,010
#13: 804,334,440
#14: 26,825,350
#15: 603,718,540
#16: 68,464,870
#17: 5,760,840
#18: 25,306,720
#19: 2,388,030
#20: 1,845,250
#21: 344,320
#22: 484,549,150
#23: 336,851,870
#24: 567,184,190
#25: 2,301,717,370
#26: 1,302,482,380
#27: 1,151,371,000
#28: 1,243,776,220
#29: 2,941,520,280
#30: 4,605,473,970
#31: 1,783,987,400
#32: 1,662,359,460
#33: 222,567,840
#34: 413,180,830
#35: 552,497,480
#36: 448,330,160
#37: 1,289,633,440
#38: 115,769,390
#39: 298,052,600
#40: 325,632,390
#41: 162,313,000
#42: 69,773,000
#43: 16,111,380
#44: 414,585,920
#45: 190,546,720
#46: 48,419,970
#47: 18,811,140
#48: 148,590,180
#49: 52,783,860
#50: 119,078,940
#51: 42,146,390
#52: 80,201,720
#53: 235,159,420
#54: 36,793,920
#55: 8,776,840
#56: 1,121,491,923
#57: 1,524,660,913
#58: 634,158,532
#59: 440,564,446
#60: 51,611,032
#61: 864,994,617
#62: 644,170,356
#63: 1,821,907,035
#64: 1,628,654,920
#65: 835,766,553
#66: 1,007,063,127
#67: 3,427,241,173
#68: 2,847,525,124
#69: 2,884,140,162
#70: 436,380,269
#71: 2,364,022,403
#72: 1,626,479,711
#73: 483,455,756
#74: 1,133,209,971
#75: 134,330,181
#76: 956,716,022
#77: 836,515,377
#78: 1,314,577,011
#79: 553,478,100
#80: 1,454,329,376
#81: 348,244,680
#82: 263,910,488
#83: 614,567,526
#84: 869,534,673
#85: 655,066,252
#86: 358,227,093
#87: 246,235,717
#88: 1,446,940,956
#89: 300,227,636
#90: 1,355,023,625